! This file was generated by step_wind_generator
! Wind condition defined by IEC 61400-3 2nd EDITION.
! for IEC Turbine Class 3 and IEC Turbulence
!----------------------------------------------------------
! Rotor diameter m.
! 90.000 m hub-height yields   0.0 m turbulence scale.
!----------------------------------------------------------
! IEC Condition: Normal Wind Profile.
! Stats for this wind file:
!     The wind speed are between 12.00000000 and 25.00000000 m/s .
!
!     The wind inflow inclination angle is 0 degrees to the horizontal.
!----------------------------------------------------------
! Time	Wind	Wind	Vertical	Horiz.	Pwr.Law	   Lin.Vert.    Gust
!	    Speed	Dir	     Speed	    Shear	Vert.Shr	 Shear	   Speed
!(sec)	(m/s)	(deg)	 (m/s)		 (-)	  (-)	      (-)       (m/s)
0.0000    12.00000000   0.000   0.000   0.000   0.1400   0.000    0.000
200.00    12.00000000   0.000   0.000   0.000   0.1400   0.000    0.000
201.00    13.00000000   0.000   0.000   0.000   0.1400   0.000    0.000
300.00    13.00000000   0.000   0.000   0.000   0.1400   0.000    0.000
301.00    14.00000000   0.000   0.000   0.000   0.1400   0.000    0.000
400.00    14.00000000   0.000   0.000   0.000   0.1400   0.000    0.000
401.00    15.00000000   0.000   0.000   0.000   0.1400   0.000    0.000
500.00    15.00000000   0.000   0.000   0.000   0.1400   0.000    0.000
501.00    16.00000000   0.000   0.000   0.000   0.1400   0.000    0.000
600.00    16.00000000   0.000   0.000   0.000   0.1400   0.000    0.000
601.00    17.00000000   0.000   0.000   0.000   0.1400   0.000    0.000
700.00    17.00000000   0.000   0.000   0.000   0.1400   0.000    0.000
701.00    18.00000000   0.000   0.000   0.000   0.1400   0.000    0.000
800.00    18.00000000   0.000   0.000   0.000   0.1400   0.000    0.000
801.00    19.00000000   0.000   0.000   0.000   0.1400   0.000    0.000
900.00    19.00000000   0.000   0.000   0.000   0.1400   0.000    0.000
901.00    20.00000000   0.000   0.000   0.000   0.1400   0.000    0.000
1000.00    20.00000000   0.000   0.000   0.000   0.1400   0.000    0.000
1001.00    21.00000000   0.000   0.000   0.000   0.1400   0.000    0.000
1100.00    21.00000000   0.000   0.000   0.000   0.1400   0.000    0.000
1101.00    22.00000000   0.000   0.000   0.000   0.1400   0.000    0.000
1200.00    22.00000000   0.000   0.000   0.000   0.1400   0.000    0.000
1201.00    23.00000000   0.000   0.000   0.000   0.1400   0.000    0.000
1300.00    23.00000000   0.000   0.000   0.000   0.1400   0.000    0.000
1301.00    24.00000000   0.000   0.000   0.000   0.1400   0.000    0.000
1400.00    24.00000000   0.000   0.000   0.000   0.1400   0.000    0.000
1401.00    25.00000000   0.000   0.000   0.000   0.1400   0.000    0.000
1500.00    25.00000000   0.000   0.000   0.000   0.1400   0.000    0.000
